Multi-layered Perceptron classifier for 'emotion'

                precision    recall  f1-score   support

    admiration       0.50      0.50      0.50      2078
     amusement       0.52      0.51      0.52      1204
         anger       0.33      0.31      0.32      1030
     annoyance       0.19      0.13      0.15      1556
      approval       0.27      0.14      0.18      2253
        caring       0.28      0.23      0.25       702
     confusion       0.29      0.18      0.22      1037
     curiosity       0.32      0.25      0.28      1198
        desire       0.35      0.23      0.28       445
disappointment       0.24      0.12      0.16      1016
   disapproval       0.25      0.17      0.20      1555
       disgust       0.29      0.22      0.25       556
 embarrassment       0.25      0.21      0.23       269
    excitement       0.27      0.21      0.24       597
          fear       0.43      0.45      0.44       364
     gratitude       0.76      0.76      0.76      1377
         grief       0.08      0.04      0.05        77
           joy       0.31      0.29      0.30       841
          love       0.56      0.60      0.58      1028
   nervousness       0.14      0.05      0.08       190
       neutral       0.45      0.64      0.53     11075
      optimism       0.35      0.30      0.32       905
         pride       0.20      0.09      0.12       146
   realization       0.15      0.10      0.12       954
        relief       0.12      0.06      0.08       160
       remorse       0.42      0.47      0.44       312
       sadness       0.34      0.30      0.32       745
      surprise       0.33      0.31      0.32       694

      accuracy                           0.41     34364
     macro avg       0.32      0.28      0.30     34364
  weighted avg       0.38      0.41      0.39     34364
[[1041   35    4   15   55   15   11   15    7   12   14    8    2   32
     1   62    1   58  100    2  484   30    9   17    3    1    5   39]
 [  33  617    9   22   11    2    9    7    2    5   16    6    4   15
     2   11    0   71   19    1  301    1    0   14    2    3    6   15]
 [  14    9  323  111   16    6    8   10    1   22   38   36    2    6
     6    3    0    7    6    1  363    4    1    6    1    1   14   15]
 [  29   33  137  201   27   12   30   25   10   28   78   54   18   11
    20   14    2   11    4    4  706   16    0   23    3    7   28   25]
 [ 135   27   28   57  314   44   29   20   18   18   50   20    7   16
    10   17    2   35   36    1 1203   56    2   56    7    7   20   18]
 [  22    5   14   10   23  164    3    7    5    5   13    1    1    3
     1   16    0   16   15    7  298   34    0    9    4   10   11    5]
 [  14   17   17   24   25   12  191  122    3   13   27    7    6   12
     8    4    0    3   11    2  476    9    1   13    0    4    0   16]
 [  22   18   20   14   30    8   70  301    1    9   14    4    3   23
     5    3    0    5   14    1  571    9    0   12    0    3    8   30]
 [   6    9    4    5   13   11    0    9  104    5    6    0    0    4
     2    4    1    6   10    0  199   35    0    2    0    1    4    5]
 [  12   10   28   46   20   14   12   13    7  120   60   20   10    4
     8    3    0    7   11    2  467   17    3   15    3   19   68   17]
 [  24   28   39   85   42   11   30   21    7   29  271   20   13    4
    13    6    1    5   11    4  769   21    0   39    1    8   36   17]
 [   6    8   55   40   14    1    6    6    3   11   19  122   15    1
    10    1    1    3    3    1  200    4    0    9    1    1   10    5]
 [   1    6    3   20    5    2    8    5    2   10   10   11   57    2
     4    4    1    0    1    1   86    3    0    7    0   13    3    4]
 [  61   15   13    8    7    3    6    8    2    3    5    0    1  124
     0   12    0   37   22    3  210    9    0    7    1    1    3   36]
 [   3    5    9    5    3    4    2    3    1    6    5   11    2    3
   163    0    1    0    0    3  114    3    0    7    0    1    9    1]
 [  81    8    4    6   12   16    4    2    1    4    8    0    0    9
     1 1049    0   36    4    0   81   18    2    3    5   18    2    3]
 [   2    0    2    4    0    0    0    1    2    2    2    0    2    0
     1    0    3    1    2    0   36    0    0    2    0    4   10    1]
 [  79   76    5    3   19    9    2    6    4    3    5    1    5   38
     2   27    0  241   60    1  201   11    7   10    8    1    4   13]
 [  70    5    2    5   13   10    1    5    6    3    3    3    0    9
     2   11    0   36  616    0  202    7    2    9    0    1    2    5]
 [   2    0    3    9    7    6    4    2    1    5    5    3    3    0
    14    1    1    1    0   10   93    4    0    5    1    1    5    4]
 [ 308  217  226  285  381  149  193  313   66  120  339   82   51   81
    76   67   13  122  127   17 7143  170   16  227   16   40  111  119]
 [  28    9    5   11   39   31   10    3   30   11   13    0    3   16
     2   23    1   18   17    0  323  269    3   11    5    4    7   13]
 [  27    1    1    3    4    4    2    0    1    2    1    0    0    2
     1    1    0    5    2    0   62    4   13    2    4    1    2    1]
 [  18   14    8   28   46   15   12   11    4   12   43    4    9   12
     7    2    2   11   10    1  521   16    2   98    5    5   14   24]
 [   8    3    0    4    6   12    0    1    0    0    1    0    0    0
     1   13    0   18    1    2   72    2    0    2   10    0    2    2]
 [   1    1    2    4    6    4    2    3    5    4    9    1    2    0
     0   12    0    1    1    0   58    0    1    5    0  147   42    1]
 [   3    4   10   24   13   20    6    2    5   33   25   11    6    2
     8    6    6    9    5    3  251    6    0    9    4   47  221    6]
 [  27    5   11   16   15    0   12   20    1   10   17    3    4   29
     7    4    0    6    1    2  254    3    2   20    1    1    6  217]]

Multi-layered Perceptron classifier for 'sentiment'

              precision    recall  f1-score   support

   ambiguous       0.42      0.31      0.36      3883
    negative       0.55      0.57      0.56      7670
     neutral       0.51      0.51      0.51     11075
    positive       0.66      0.70      0.68     11736

    accuracy                           0.57     34364
   macro avg       0.54      0.52      0.53     34364
weighted avg       0.56      0.57      0.56     34364
[[1220  611 1328  724]
 [ 415 4380 1883  992]
 [ 895 1965 5682 2533]
 [ 383  951 2208 8194]]Top-MNB classifier for 'emotion'

                precision    recall  f1-score   support

    admiration       0.45      0.51      0.48      2078
     amusement       0.52      0.44      0.48      1204
         anger       0.36      0.21      0.26      1030
     annoyance       0.18      0.12      0.14      1556
      approval       0.23      0.14      0.18      2253
        caring       0.26      0.15      0.19       702
     confusion       0.27      0.11      0.16      1037
     curiosity       0.34      0.18      0.23      1198
        desire       0.29      0.08      0.13       445
disappointment       0.21      0.08      0.11      1016
   disapproval       0.24      0.14      0.18      1555
       disgust       0.35      0.15      0.21       556
 embarrassment       0.36      0.06      0.11       269
    excitement       0.30      0.10      0.15       597
          fear       0.40      0.12      0.19       364
     gratitude       0.69      0.74      0.71      1377
         grief       0.00      0.00      0.00        77
           joy       0.33      0.19      0.24       841
          love       0.57      0.45      0.50      1028
   nervousness       0.25      0.01      0.01       190
       neutral       0.40      0.72      0.51     11075
      optimism       0.37      0.21      0.27       905
         pride       0.17      0.01      0.01       146
   realization       0.19      0.07      0.10       954
        relief       0.00      0.00      0.00       160
       remorse       0.46      0.13      0.20       312
       sadness       0.34      0.18      0.24       745
      surprise       0.35      0.18      0.24       694

      accuracy                           0.39     34364
     macro avg       0.32      0.20      0.22     34364
  weighted avg       0.36      0.39      0.35     34364
[[1057   39    1   12   52   12    4   11    6   10   13    2    0   12
     1   65    0   35   69    0  620   24    0    5    1    0    3   24]
 [  50  535    3   28   21    2    7    8    1    6   15    2    1    3
     0   10    0   25   15    0  463    1    0    3    0    0    2    3]
 [  25    7  213  114   14    2    2    8    0   10   30   11    2    2
     2    1    0    7    2    0  555    3    0    5    0    2    9    4]
 [  26   31   88  180   43   13   21   15    5   22   56   30    0    4
     2   17    0    7    7    0  938    6    0   10    0    0   22   13]
 [ 143   24   15   57  315   23   12   15    4   12   50    4    1    8
     5   32    0   15   24    0 1424   30    0   21    1    6    4    8]
 [  15    4    3   11   25  105    2    5    2    5   10    1    0    0
     1   26    0    6    9    0  434   28    0    4    0    1    5    0]
 [  18   16    8   14   25    1  117   80    0    9   22    2    1    3
     2    6    0    3   10    0  680    3    0    7    0    2    2    6]
 [  32   10    7   11   29    9   32  215    1    7   13    0    1    5
     0    3    0    1    7    0  787    5    0    8    0    0    3   12]
 [  13    8    3    1   20   13    0    4   37    4    4    2    0    1
     0    6    0    3    2    0  287   28    0    2    0    1    3    3]
 [  26   10   13   42   23   13    9    5    2   77   50    5    0    0
     1    8    0    6    4    1  649    9    0    9    0    3   40   11]
 [  25   27   16   75   58   11   29    5    2   15  222   11    3    1
     3    9    0    5    9    0  971   12    0   22    0    2   18    4]
 [  11    7   24   47   21    1    5    2    1   10   18   84    6    1
     4    1    0    1    2    0  294    2    0    4    0    1    6    3]
 [   4    5    3   23    7    1    6    3    1    8    9    3   17    0
     1    1    0    2    3    0  154    3    0    7    0    2    4    2]
 [  77   10    8    6   15    1    2    8    1    2    4    1    0   60
     0   15    0   44   17    0  286    8    0    5    0    0    4   23]
 [  15    4    6   10    8    3    0    4    0    7    2    9    0    3
    44    0    0    0    0    0  231    1    0    5    0    1    5    6]
 [  79    9    1    7   19   11    3    1    0    2    5    0    0    2
     1 1017    0   21    3    0  167   19    0    3    0    4    2    1]
 [   2    0    1    3    0    0    0    1    0    1    1    0    0    0
     1    1    0    0    2    0   55    0    0    0    0    0    9    0]
 [ 104   62    3    8   25    7    0    4    3    3    6    1    1   12
     2   35    0  159   48    0  341    8    0    2    0    0    3    4]
 [ 107    6    0    5   16    4    0    4    3    1    5    1    0    4
     0   13    0   13  464    0  372    4    0    3    0    0    2    1]
 [   1    0    0    4   11    4    3    1    0    3    3    2    0    0
     3    3    1    0    1    1  140    1    0    3    0    0    2    3]
 [ 378  183  152  275  443  112  138  199   39   91  311   59    9   57
    31  100    3   90   93    2 7923  111    4  122    3   10   69   68]
 [  38    4    1    8   47   22    6    4   14    4   11    1    1    2
     0   37    0   13    4    0  484  189    0    4    1    0    4    6]
 [  27    2    1    1    8    2    2    1    0    1    4    0    1    0
     1    2    0    5    3    0   79    2    1    1    0    0    1    1]
 [  29   12    6   25   52   10    8    9    1   12   39    2    0    3
     0    3    0    6    6    0  635    7    1   66    0    2    5   15]
 [  10    1    0    2    8    4    0    0    0    1    2    0    0    0
     0   11    0    9    1    0  108    0    0    2    0    0    0    1]
 [   4    3    2    6    5    7    3    1    1    4    7    0    0    0
     0   33    0    1    2    0  151    1    0    6    0   41   34    0]
 [   6    6    7   19   20    8    7    0    2   28   19    3    2    1
     1   11    0    6    4    0  430    4    0    5    2   12  137    5]
 [  46   10    8   16   16    1   10   21    1    5    8    2    1   14
     3    8    0    3    1    0  384    3    0    7    1    0    1  124]]

Top-MNB classifier for 'sentiment'

              precision    recall  f1-score   support

   ambiguous       0.42      0.24      0.31      3883
    negative       0.54      0.53      0.53      7670
     neutral       0.48      0.49      0.49     11075
    positive       0.62      0.71      0.66     11736

    accuracy                           0.54     34364
   macro avg       0.51      0.49      0.50     34364
weighted avg       0.53      0.54      0.54     34364
[[ 936  578 1476  893]
 [ 311 4065 2067 1227]
 [ 690 1951 5404 3030]
 [ 297  949 2202 8288]]Top-DT classifier for 'emotion'

                precision    recall  f1-score   support

    admiration       0.34      0.23      0.28      2078
     amusement       0.55      0.33      0.41      1204
         anger       0.14      0.00      0.00      1030
     annoyance       0.00      0.00      0.00      1556
      approval       0.25      0.00      0.00      2253
        caring       0.50      0.00      0.01       702
     confusion       0.00      0.00      0.00      1037
     curiosity       0.00      0.00      0.00      1198
        desire       0.00      0.00      0.00       445
disappointment       1.00      0.00      0.00      1016
   disapproval       0.00      0.00      0.00      1555
       disgust       0.00      0.00      0.00       556
 embarrassment       0.00      0.00      0.00       269
    excitement       0.00      0.00      0.00       597
          fear       0.00      0.00      0.00       364
     gratitude       0.87      0.72      0.79      1377
         grief       0.00      0.00      0.00        77
           joy       0.17      0.00      0.00       841
          love       0.56      0.59      0.57      1028
   nervousness       0.00      0.00      0.00       190
       neutral       0.36      0.94      0.52     11075
      optimism       0.49      0.20      0.28       905
         pride       0.00      0.00      0.00       146
   realization       0.00      0.00      0.00       954
        relief       0.00      0.00      0.00       160
       remorse       0.43      0.58      0.50       312
       sadness       0.00      0.00      0.00       745
      surprise       0.00      0.00      0.00       694

      accuracy                           0.39     34364
     macro avg       0.20      0.13      0.12     34364
  weighted avg       0.29      0.39      0.26     34364
[[  488    17     0     0     0     0     0     0     0     0     0     0
      0     0     0    21     0     1    82     0  1453    14     0     0
      0     2     0     0]
 [   24   398     2     0     0     0     0     0     0     0     0     0
      0     0     0     8     0     0    19     0   749     1     0     0
      0     3     0     0]
 [   15     4     1     0     0     1     0     0     0     0     0     0
      0     0     0     0     0     0     9     0   993     2     0     0
      0     5     0     0]
 [   28    20     0     0     0     0     0     0     0     0     0     0
      0     0     0    12     0     0    11     0  1468     6     0     0
      0    11     0     0]
 [  117    17     0     0     1     0     0     0     0     0     0     0
      0     0     0    11     0     0    31     0  2059    14     0     0
      0     3     0     0]
 [   39     4     0     0     0     2     0     0     0     0     0     0
      0     0     0     4     0     0    20     0   606    13     0     0
      0    14     0     0]
 [   22    10     0     0     1     0     0     0     0     0     0     0
      0     0     0     2     0     0    17     0   978     2     0     0
      0     5     0     0]
 [   19     9     0     0     0     0     0     0     0     0     0     0
      0     0     0     2     0     0    14     0  1149     2     0     0
      0     3     0     0]
 [   16     7     0     0     0     0     0     0     0     0     0     0
      0     0     0     2     0     0     8     0   386    25     0     0
      0     1     0     0]
 [   32     8     0     0     1     0     0     0     0     1     0     0
      0     0     0     1     0     0     6     0   936    13     0     0
      0    18     0     0]
 [   55    25     1     0     0     0     0     0     0     0     0     0
      0     0     0     5     0     0    12     0  1441     6     0     0
      0    10     0     0]
 [    6     7     0     0     0     0     0     0     0     0     0     0
      0     0     0     1     0     0     1     0   538     3     0     0
      0     0     0     0]
 [    6     2     0     0     0     0     0     0     0     0     0     0
      0     0     0     0     0     0     4     0   247     1     0     0
      0     9     0     0]
 [   20     3     0     0     0     0     0     0     0     0     0     0
      0     0     0     0     0     1    14     0   555     4     0     0
      0     0     0     0]
 [    3     7     0     0     0     0     0     0     0     0     0     0
      0     0     0     0     0     0     1     0   348     2     0     0
      0     3     0     0]
 [   64     6     2     0     1     1     0     1     0     0     0     0
      0     0     0   987     0     0     6     0   279     2     0     0
      0    28     0     0]
 [    2     1     0     0     0     0     0     0     0     0     0     0
      0     0     0     0     0     0     0     0    70     1     0     0
      0     3     0     0]
 [   44    19     0     0     0     0     0     0     0     0     0     0
      0     0     0     8     0     1    51     0   711     6     0     0
      0     1     0     0]
 [   15     7     0     0     0     0     0     0     0     0     0     0
      0     0     0     8     0     1   603     0   389     5     0     0
      0     0     0     0]
 [    3     0     0     0     0     0     0     0     0     0     0     0
      0     0     0     1     0     0     1     0   182     1     0     0
      0     2     0     0]
 [  261   126     1     1     0     0     0     0     1     0     1     0
      0     0     0    33     0     0   135     0 10420    53     0     0
      0    43     0     0]
 [   78     4     0     0     0     0     0     0     0     0     0     0
      0     0     0     9     0     1    15     0   613   181     0     0
      0     4     0     0]
 [   15     2     0     0     0     0     0     0     0     0     0     0
      0     0     0     0     0     0     0     0   126     2     0     0
      0     1     0     0]
 [   28     7     0     0     0     0     0     0     0     0     0     0
      0     0     0     1     0     1     6     0   899     5     0     0
      0     7     0     0]
 [    4     2     0     0     0     0     0     0     0     0     0     0
      0     0     0    10     0     0     0     0   144     0     0     0
      0     0     0     0]
 [    3     2     0     0     0     0     0     0     0     0     0     0
      0     0     0     1     0     0     2     0   122     0     0     0
      0   182     0     0]
 [   15     8     0     0     0     0     0     0     0     0     0     0
      0     0     0     3     0     0     7     0   645     7     0     0
      0    60     0     0]
 [   10     2     0     0     0     0     0     0     0     0     0     0
      0     0     0     2     0     0     2     0   675     2     0     0
      0     1     0     0]]

Top-DT classifier for 'sentiment'

              precision    recall  f1-score   support

   ambiguous       0.67      0.00      0.00      3883
    negative       0.66      0.04      0.08      7670
     neutral       0.36      0.95      0.52     11075
    positive       0.77      0.30      0.43     11736

    accuracy                           0.42     34364
   macro avg       0.61      0.32      0.26     34364
weighted avg       0.60      0.42      0.33     34364
[[    4    22  3701   156]
 [    0   317  7020   333]
 [    1    59 10473   542]
 [    1    82  8137  3516]]Top-MLP classifier for 'emotion'

                precision    recall  f1-score   support

    admiration       0.49      0.52      0.51      2078
     amusement       0.50      0.60      0.55      1204
         anger       0.33      0.31      0.32      1030
     annoyance       0.19      0.12      0.14      1556
      approval       0.29      0.12      0.17      2253
        caring       0.29      0.19      0.23       702
     confusion       0.30      0.16      0.21      1037
     curiosity       0.35      0.24      0.28      1198
        desire       0.32      0.26      0.28       445
disappointment       0.23      0.11      0.15      1016
   disapproval       0.25      0.17      0.20      1555
       disgust       0.32      0.21      0.25       556
 embarrassment       0.28      0.22      0.25       269
    excitement       0.26      0.18      0.21       597
          fear       0.45      0.45      0.45       364
     gratitude       0.77      0.74      0.76      1377
         grief       0.00      0.00      0.00        77
           joy       0.36      0.28      0.31       841
          love       0.54      0.61      0.57      1028
   nervousness       0.17      0.04      0.07       190
       neutral       0.45      0.68      0.54     11075
      optimism       0.36      0.30      0.33       905
         pride       0.60      0.02      0.04       146
   realization       0.21      0.08      0.11       954
        relief       0.16      0.04      0.07       160
       remorse       0.41      0.50      0.45       312
       sadness       0.34      0.27      0.30       745
      surprise       0.33      0.31      0.32       694

      accuracy                           0.42     34364
     macro avg       0.34      0.28      0.29     34364
  weighted avg       0.39      0.42      0.39     34364
[[1085   46    3   12   45   12    6   12    9   10   15    5    2   40
     1   53    0   43  112    0  482   28    2    7    2    1    6   39]
 [  31  728   13   24    6    2    5    2    1    9   11    4    3   12
     0    9    0   39   18    1  260    3    0    6    0    1    3   13]
 [  16   15  319  106   16    5    9   11    2   18   37   32    4    5
     7    2    0    5    5    0  379    4    0    3    0    2   15   13]
 [  26   45  144  182   23   10   24   15   11   30   71   46   17    9
    16   14    0    9    6    3  775   14    0    9    0    8   27   22]
 [ 153   33   20   62  272   35   22   20   18   17   54   13    5   17
     9   20    0   34   45    1 1279   52    0   24    3    9   18   18]
 [  17    7    7   14   26  130    2    6   10    4   11    1    2    1
     2   15    0   13   13    5  352   38    0    2    2   13    7    2]
 [  16   25    9   17   20    4  170  106    3   10   28    3    7    7
     6    3    0    2   12    2  552    3    0   10    0    4    2   16]
 [  23   20   20    8   22    4   49  283    2    8   16    0    2   20
     5    2    0    3   16    2  634    7    0    6    0    4    7   35]
 [  10    9    6    5   10   10    2    4  114    2    5    0    1    4
     2    4    0    4    8    0  199   34    0    2    0    1    4    5]
 [  16   13   23   39   15   11    9    7    6  113   57   10    7    5
     7    2    0    6    8    3  533   17    0   14    0   17   64   14]
 [  25   35   39   70   34    8   30   16    7   32  260   16   12    2
    15    5    0    6   12    0  839   19    0   18    0    8   28   19]
 [   5   11   55   43    8    3    7    4    4   17   21  114   13    1
     9    1    0    3    2    0  208    4    0    7    0    0   11    5]
 [   2    6    7   16    5    1    8    2    1    5    9    8   60    0
     4    3    0    0    1    0  106    3    0    2    1   13    2    4]
 [  66   15   11   11    5    1    3    9    3    2    2    1    2  108
     0   10    0   37   24    2  231   12    0    3    0    1    1   37]
 [   2    6   10    5    1    3    3    2    1    4    1   10    2    5
   164    0    0    0    0    3  120    2    0    4    0    3    9    4]
 [ 102   15    5    8   10   14    0    3    1    2    4    0    0    8
     3 1025    0   39    5    0   84   20    0    3    4   17    3    2]
 [   2    0    3    4    0    0    0    0    2    4    0    0    0    0
     2    0    0    1    2    0   40    0    0    1    0    5   10    1]
 [  73   91    7    3   13    9    0    2    7    3    3    1    4   37
     1   29    0  232   71    1  207   16    0    5    8    1    4   13]
 [  81   10    1    6    6    4    0    2   13    0    3    0    1    5
     2   11    0   18  628    0  224    2    0    5    0    1    4    1]
 [   2    1    2    7    5    7    5    1    1    6    7    2    3    0
    13    1    0    0    1    8  104    1    0    3    0    2    4    4]
 [ 315  263  222  245  303  113  178  257   91  115  338   71   44   74
    72   59    0   89  130   11 7532  162    0  119    5   47  100  120]
 [  38   11    9    9   32   25    7    4   35    8    7    2    3   10
     1   24    0   17   16    0  353  270    0    2    3    4    5   10]
 [  30    4    1    3    4    3    1    0    0    1    2    0    1    3
     1    1    0    5    2    0   73    3    3    2    1    0    2    0]
 [  18   16   12   25   37   10   16   12    6   14   48    5    8    6
     5    3    0    8   13    1  549   16    0   73    3    6   12   32]
 [   8    4    0    3    5    8    1    1    0    0    2    0    1    0
     1   17    0   16    2    2   74    1    0    2    7    0    3    2]
 [   2    3    1    2    5    4    1    1    5    6    7    2    2    0
     2    9    0    1    2    0   64    3    0    4    1  155   28    2]
 [   4    5    8   28   10   16    1    1    6   42   18    9    8    2
     9    7    0    7    4    1  280   10    0    3    3   56  201    6]
 [  26   13    8   12   15    1    7   24    1    7   14    4    3   27
     8    3    0    4    4    0  281    3    0    6    1    1    5  216]]

Top-MLP classifier for 'sentiment'

              precision    recall  f1-score   support

   ambiguous       0.42      0.32      0.36      3883
    negative       0.55      0.56      0.56      7670
     neutral       0.51      0.53      0.52     11075
    positive       0.67      0.69      0.68     11736

    accuracy                           0.57     34364
   macro avg       0.54      0.53      0.53     34364
weighted avg       0.56      0.57      0.56     34364
[[1232  560 1401  690]
 [ 486 4332 1928  924]
 [ 855 1952 5859 2409]
 [ 377  975 2284 8100]]