Multiomial Naive Bayes classifier for 'emotion'

                precision    recall  f1-score   support

    admiration       0.00      0.00      0.00      2170
     ambiguous       0.00      0.00      0.00         0
     amusement       0.00      0.00      0.00      1189
         anger       0.00      0.00      0.00      1001
     annoyance       0.00      0.00      0.00      1693
      approval       0.00      0.00      0.00      2302
        caring       0.00      0.00      0.00       666
     confusion       0.00      0.00      0.00      1018
     curiosity       0.00      0.00      0.00      1149
        desire       0.00      0.00      0.00       421
disappointment       0.00      0.00      0.00       946
   disapproval       0.00      0.00      0.00      1551
       disgust       0.00      0.00      0.00       585
 embarrassment       0.00      0.00      0.00       280
    excitement       0.00      0.00      0.00       599
          fear       0.00      0.00      0.00       372
     gratitude       0.00      0.00      0.00      1452
         grief       0.00      0.00      0.00        66
           joy       0.00      0.00      0.00       909
          love       0.00      0.00      0.00       974
      negative       0.00      0.00      0.00         0
   nervousness       0.00      0.00      0.00       157
       neutral       0.49      0.50      0.49     11039
      optimism       0.00      0.00      0.00       887
      positive       0.00      0.00      0.00         0
         pride       0.00      0.00      0.00       134
   realization       0.00      0.00      0.00       931
        relief       0.00      0.00      0.00       170
       remorse       0.00      0.00      0.00       256
       sadness       0.00      0.00      0.00       777
      surprise       0.00      0.00      0.00       670

      accuracy                           0.16     34364
     macro avg       0.02      0.02      0.02     34364
  weighted avg       0.16      0.16      0.16     34364
  
[[   0   53    0    0    0    0    0    0    0    0    0    0    0    0
     0    0    0    0    0    0   82    0  270    0 1765    0    0    0
     0    0    0]
 [   0    0    0    0    0    0    0    0    0    0    0    0    0    0
     0    0    0    0    0    0    0    0    0    0    0    0    0    0
     0    0    0]
 [   0   25    0    0    0    0    0    0    0    0    0    0    0    0
     0    0    0    0    0    0  101    0  176    0  887    0    0    0
     0    0    0]
 [   0   43    0    0    0    0    0    0    0    0    0    0    0    0
     0    0    0    0    0    0  621    0  229    0  108    0    0    0
     0    0    0]
 [   0   66    0    0    0    0    0    0    0    0    0    0    0    0
     0    0    0    0    0    0  796    0  539    0  292    0    0    0
     0    0    0]
 [   0   97    0    0    0    0    0    0    0    0    0    0    0    0
     0    0    0    0    0    0  368    0  825    0 1012    0    0    0
     0    0    0]
 [   0   10    0    0    0    0    0    0    0    0    0    0    0    0
     0    0    0    0    0    0  116    0  204    0  336    0    0    0
     0    0    0]
 [   0  259    0    0    0    0    0    0    0    0    0    0    0    0
     0    0    0    0    0    0  184    0  404    0  171    0    0    0
     0    0    0]
 [   0  326    0    0    0    0    0    0    0    0    0    0    0    0
     0    0    0    0    0    0  131    0  426    0  266    0    0    0
     0    0    0]
 [   0    8    0    0    0    0    0    0    0    0    0    0    0    0
     0    0    0    0    0    0   35    0  114    0  264    0    0    0
     0    0    0]
 [   0   40    0    0    0    0    0    0    0    0    0    0    0    0
     0    0    0    0    0    0  449    0  286    0  171    0    0    0
     0    0    0]
 [   0   73    0    0    0    0    0    0    0    0    0    0    0    0
     0    0    0    0    0    0  641    0  579    0  258    0    0    0
     0    0    0]
 [   0    9    0    0    0    0    0    0    0    0    0    0    0    0
     0    0    0    0    0    0  391    0  115    0   70    0    0    0
     0    0    0]
 [   0   13    0    0    0    0    0    0    0    0    0    0    0    0
     0    0    0    0    0    0  162    0   64    0   41    0    0    0
     0    0    0]
 [   0   50    0    0    0    0    0    0    0    0    0    0    0    0
     0    0    0    0    0    0   48    0  113    0  388    0    0    0
     0    0    0]
 [   0   12    0    0    0    0    0    0    0    0    0    0    0    0
     0    0    0    0    0    0  230    0   83    0   47    0    0    0
     0    0    0]
 [   0    6    0    0    0    0    0    0    0    0    0    0    0    0
     0    0    0    0    0    0   35    0   36    0 1375    0    0    0
     0    0    0]
 [   0    0    0    0    0    0    0    0    0    0    0    0    0    0
     0    0    0    0    0    0   32    0   20    0   14    0    0    0
     0    0    0]
 [   0   16    0    0    0    0    0    0    0    0    0    0    0    0
     0    0    0    0    0    0   35    0  103    0  755    0    0    0
     0    0    0]
 [   0    8    0    0    0    0    0    0    0    0    0    0    0    0
     0    0    0    0    0    0   19    0   78    0  869    0    0    0
     0    0    0]
 [   0    0    0    0    0    0    0    0    0    0    0    0    0    0
     0    0    0    0    0    0    0    0    0    0    0    0    0    0
     0    0    0]
 [   0    9    0    0    0    0    0    0    0    0    0    0    0    0
     0    0    0    0    0    0   85    0   29    0   34    0    0    0
     0    0    0]
 [   0  678    0    0    0    0    0    0    0    0    0    0    0    0
     0    0    0    0    0    0 1900    0 5519    0 2942    0    0    0
     0    0    0]
 [   0   18    0    0    0    0    0    0    0    0    0    0    0    0
     0    0    0    0    0    0   71    0  220    0  578    0    0    0
     0    0    0]
 [   0    0    0    0    0    0    0    0    0    0    0    0    0    0
     0    0    0    0    0    0    0    0    0    0    0    0    0    0
     0    0    0]
 [   0    3    0    0    0    0    0    0    0    0    0    0    0    0
     0    0    0    0    0    0   14    0   45    0   72    0    0    0
     0    0    0]
 [   0  115    0    0    0    0    0    0    0    0    0    0    0    0
     0    0    0    0    0    0  187    0  373    0  256    0    0    0
     0    0    0]
 [   0    7    0    0    0    0    0    0    0    0    0    0    0    0
     0    0    0    0    0    0   21    0   44    0   98    0    0    0
     0    0    0]
 [   0    8    0    0    0    0    0    0    0    0    0    0    0    0
     0    0    0    0    0    0  174    0   40    0   34    0    0    0
     0    0    0]
 [   0    7    0    0    0    0    0    0    0    0    0    0    0    0
     0    0    0    0    0    0  452    0  161    0  157    0    0    0
     0    0    0]
 [   0  220    0    0    0    0    0    0    0    0    0    0    0    0
     0    0    0    0    0    0  108    0  166    0  176    0    0    0
     0    0    0]]
     
Multiomial Naive Bayes classifier for 'sentiment'

              precision    recall  f1-score   support

   ambiguous       0.42      0.24      0.31      3768
    negative       0.54      0.52      0.53      7684
     neutral       0.49      0.50      0.49     11039
    positive       0.63      0.71      0.66     11873

    accuracy                           0.55     34364
   macro avg       0.52      0.49      0.50     34364
weighted avg       0.54      0.55      0.54     34364
[[ 920  610 1369  869]
 [ 280 4033 2145 1226]
 [ 678 1900 5519 2942]
 [ 301  945 2228 8399]]
 
 
 Decision Tree classifier for 'emotion'

                precision    recall  f1-score   support

    admiration       0.42      0.57      0.48      2170
     amusement       0.41      0.58      0.48      1189
         anger       0.23      0.34      0.27      1001
     annoyance       0.15      0.22      0.18      1693
      approval       0.21      0.27      0.24      2302
        caring       0.20      0.27      0.23       666
     confusion       0.23      0.29      0.26      1018
     curiosity       0.30      0.34      0.32      1149
        desire       0.21      0.26      0.23       421
disappointment       0.18      0.19      0.19       946
   disapproval       0.24      0.24      0.24      1551
       disgust       0.23      0.19      0.21       585
 embarrassment       0.21      0.18      0.19       280
    excitement       0.24      0.20      0.22       599
          fear       0.39      0.35      0.37       372
     gratitude       0.78      0.73      0.75      1452
         grief       0.13      0.12      0.13        66
           joy       0.29      0.24      0.26       909
          love       0.55      0.52      0.54       974
   nervousness       0.20      0.11      0.14       157
       neutral       0.51      0.44      0.47     11039
      optimism       0.37      0.21      0.27       887
         pride       0.19      0.06      0.09       134
   realization       0.19      0.08      0.11       931
        relief       0.19      0.06      0.10       170
       remorse       0.36      0.29      0.32       256
       sadness       0.34      0.17      0.23       777
      surprise       0.35      0.21      0.26       670

      accuracy                           0.36     34364
     macro avg       0.30      0.28      0.28     34364
  weighted avg       0.38      0.36      0.36     34364
  
[[1237   46   13   37  151   26   12   23   13   11   12    7    1   42
     4   51    0   50   86    1  271   30    7    4    1    0    5   29]
 [  57  684   23   45   31   10   14    9    3    9   18    5    1   14
     3    7    1   59   11    0  158    8    1    5    0    1    3    9]
 [  19   18  343  161   32   16   28   18    4   33   38   37   10    4
     6    2    1    2    6    1  211    1    0    5    0    1    4    0]
 [  55   60  197  364  100   36   49   36   12   73   96   53   18    7
    12   11    2   13    9    5  424   10    0   14    2    4   22    9]
 [ 217   66   39  165  628   64   49   42   31   49   75   17   11   24
     8   12    2   32   36    5  641   29    1   28    8    3    9   11]
 [  32   17   25   43   65  177   10   13   16   13   22    2    5    5
     5   13    1   15    9    3  143   16    1    5    2    2    5    1]
 [  20   24   19   62   62   10  295  141    6   15   30    8   10    9
     8    3    2    3    4    3  245    8    0   17    1    3    2    8]
 [  41   22   38   56   51    8  181  394    7   13   13    2    4   12
     2    6    0    8    8    2  248    2    2    8    0    0    4   17]
 [  18    9    4   21   56   21    4    9  108    7    9    2    1    8
     1    6    0    6    7    1  100   21    0    0    0    1    0    1]
 [  26   28   43   98   69   21   16   12   10  183   66   23    7    8
     5    8    1    8    6    5  218    7    1   13    3   10   40   11]
 [  43   35   96  185  135   30   48   17   16   78  375   27    8    8
    10    4    0    6    5    1  369    5    0   18    0    7   14   11]
 [  20   20   74   98   31    4    8    6    5   24   37  113    8    3
    11    0    0    1    2    3  101    3    0    4    1    2    6    0]
 [   5    8   17   33   14    5    7    4    2    9   20   14   50    1
     7    1    1    1    2    1   62    2    0    3    0    3    5    3]
 [  66   27   13   16   51   20   11   30   14   11   11    6    2  122
     1    5    0   33   12    0  111    6    2    3    2    1    0   23]
 [  11    9   17   25   25    8    9   10    6   11   14    8    1    1
   129    2    1    2    0    3   65    1    0    6    0    0    6    2]
 [ 120   13    5   20   41   16    5    4    5    6    7    4    2    7
     0 1053    0   31   11    0   49   23    1    1    1   10    9    8]
 [   6    1    6    2    4    2    1    0    2    2    2    2    1    0
     1    2    8    1    0    0   14    1    0    3    0    2    3    0]
 [ 111  132   14   24   61   17    4    9   13    6   12    1    2   35
     1   31    1  217   48    1  140    8    3    0    4    1    3   10]
 [ 123   10    3   10   56   13   11    7   13    8    7    3    3   17
     2   15    1   47  511    0   97    7    1    4    0    1    2    2]
 [   6    2    4   15   10   12    6    5    3   18    3    2    3    1
    13    1    0    0    1   18   25    1    0    0    0    2    4    2]
 [ 504  339  413  672 1017  257  400  426  132  275  528  110   58  142
    74   74   21  153  121   27 4867   95    9  119   18   24   85   79]
 [  65   13   17   34   87   43   18   13   53   20   22    9    5   10
     3   16    1   14    7    1  235  187    2    6    0    1    2    3]
 [  38    9    3    3   10    2    3    1    0    2    4    0    3    3
     1    2    1    3    1    0   32    4    8    1    0    0    0    0]
 [  43   31   29   82  114   18   19   16   17   44   43    7    3    8
     8    4    2   17    7    1  301   12    1   72    1    5    5   21]
 [  17    6    5    5   25    7    4    1    3    6    6    1    1    2
     1   11    1   13    2    0   35    3    0    0   11    0    4    0]
 [   6    2    3   22   11   15    3    3    4   15   14    3    3    1
     0    9    2    0    2    0   34    4    0    7    1   73   19    0]
 [  19   19   25   57   45   29   13    7    9   79   50   12    9    1
     9    5    9    6    5   10  163    1    2   15    0   41  134    3]
 [  53   20   23   35   34    3   36   48    7   11   25    7   10   23
     4    2    1   10    3    0  149    8    1   12    1    2    2  140]]
     
     
     Decision Tree classifier for 'sentiment'

              precision    recall  f1-score   support

   ambiguous       0.36      0.49      0.41      3768
    negative       0.51      0.59      0.55      7684
     neutral       0.51      0.48      0.49     11039
    positive       0.71      0.59      0.65     11873

    accuracy                           0.54     34364
   macro avg       0.52      0.54      0.52     34364
weighted avg       0.56      0.54      0.55     34364
[[1829  615  869  455]
 [ 805 4535 1611  733]
 [1640 2441 5289 1669]
 [ 867 1358 2611 7037]]
 
     Multi-layered Perceptron classifier for 'emotion'

                precision    recall  f1-score   support

    admiration       0.50      0.55      0.52      2170
     amusement       0.49      0.59      0.54      1189
         anger       0.32      0.26      0.29      1001
     annoyance       0.19      0.14      0.16      1693
      approval       0.27      0.13      0.18      2302
        caring       0.27      0.20      0.23       666
     confusion       0.27      0.17      0.21      1018
     curiosity       0.36      0.23      0.28      1149
        desire       0.27      0.20      0.23       421
disappointment       0.21      0.13      0.16       946
   disapproval       0.25      0.19      0.22      1551
       disgust       0.26      0.22      0.24       585
 embarrassment       0.34      0.22      0.27       280
    excitement       0.27      0.16      0.20       599
          fear       0.42      0.35      0.38       372
     gratitude       0.80      0.76      0.78      1452
         grief       0.22      0.08      0.11        66
           joy       0.36      0.29      0.32       909
          love       0.55      0.64      0.59       974
   nervousness       0.26      0.13      0.17       157
       neutral       0.45      0.65      0.54     11039
      optimism       0.35      0.30      0.32       887
         pride       0.25      0.13      0.17       134
   realization       0.21      0.11      0.14       931
        relief       0.20      0.08      0.11       170
       remorse       0.33      0.41      0.37       256
       sadness       0.34      0.28      0.31       777
      surprise       0.34      0.25      0.29       670

      accuracy                           0.42     34364
     macro avg       0.33      0.28      0.30     34364
  weighted avg       0.39      0.42      0.39     34364
  
[[1189   31    7   24   60   16    5   10    9   10   10    3    0   36
     0   42    0   54  112    0  455   37   11    7    1    1    7   33]
 [  31  701   12   30   18    7    4    3    4    4   11    3    2   10
     1   10    0   63   18    0  227    9    1    4    0    1    3   12]
 [  14   16  263  117   13   14   16   12    3   17   38   47    8    4
     7    3    1    1    4    1  374    3    1    5    1    3    7    8]
 [  29   43  110  235   36   15   22   18    9   41   89   60   14    5
    17   12    1    9   15    1  814   24    1   24    1    8   27   13]
 [ 158   37   18   68  310   39   38   20   20   27   67   23    3   19
     9   13    1   34   46    5 1220   56    4   30    6    5   17    9]
 [  25   10    6   13   21  134    2   10    4    5   16    1    2    2
     6   11    0   16    8    5  305   29    3    7    1   13   10    1]
 [  13   26   12   22   25    4  174   77    2   11   30   11    6    5
     6    5    2    4    9    2  523   10    0   22    0    1    8    8]
 [  34   21    7   23   22    3   65  265    1    7   14    3    2   12
     1    5    0    5   12    2  600    6    1    5    0    6    6   21]
 [  13    5    2    4   25    8    1    2   83    5    7    2    0    6
     1    4    0    7   14    0  188   34    0    2    0    3    4    1]
 [  16   22   25   49   16   10   16    6    7  125   48   28    6    2
     9    7    0    5   10    5  413   12    2   18    3   13   64    9]
 [  24   27   44   85   55   14   30    9    5   46  300   29   12    2
    11    3    1    3   13    1  744   18    0   25    1   11   20   18]
 [   6   14   54   64   14    2    1    7    0   18   32  130    9    1
    11    1    0    0    2    2  188    4    2    3    1    3   14    2]
 [   6    2    4   20    4    3    4    1    1   11   11   17   61    1
     5    0    1    2    2    1  102    1    0    5    0    8    5    2]
 [  67   23   11    8   15    7    4   15   11    4    5    2    0   97
     0    9    0   46   15    1  211    9    2    5    0    1    0   31]
 [   4    3    3   11    8    7    3    8    3    5   11    9    1    1
   130    2    0    2    2    8  130    2    0    4    0    2    8    5]
 [ 109   11    3    4   13    9    2    1    4    2    4    1    0    4
     0 1102    0   30   10    0   78   23    1    0    5   22    8    6]
 [   4    1    1    1    3    1    0    0    0    3    1    1    1    0
     0    3    5    0    2    0   27    0    0    3    0    3    6    0]
 [  88  114    6   11   17    9    1    1   11    4    5    0    3   27
     1   28    0  268   54    1  222   13    3    2    6    1    3   10]
 [  70   10    2    6   15    6    1    3    2    4    8    0    1    7
     0    9    0   17  624    0  167   10    1    5    0    2    2    2]
 [   4    1    2   10    4    4    3    1    3   10    1    2    2    1
    12    1    0    0    0   20   63    3    0    0    0    2    6    2]
 [ 340  247  192  310  348  134  207  231   69  148  369   94   32   80
    62   57    4  125  126   18 7207  168   14  164   19   40  135   99]
 [  36   10    6   11   32   17   13    3   36    7   14    3    3    9
     1   16    0   13   12    1  352  270    2    7    2    2    6    3]
 [  24    0    2    1    5    2    0    0    0    1    2    0    0    2
     1    2    1    7    0    0   62    4   17    1    0    0    0    0]
 [  29   15   11   38   48    8    5    8   11   19   30   12    3    6
     9    5    1    8    6    1  496   12    0  102    3    8   12   25]
 [  16    4    3    5    2    4    2    0    1    5    3    0    2    1
     2   13    0   14    3    1   70    4    0    0   13    0    1    1]
 [   1    2    1    7    2    3    3    3    2    4   11    1    2    0
     0    8    0    1    1    0   54    5    0    5    1  105   33    1]
 [  12    6    9   19   13   13    5    0    6   38   30   15    2    2
     8    5    5    5    6    0  290    5    1   11    0   50  215    6]
 [  37   18   10   27   12    0   19   30    4    3   13    5    1   22
     3    1    0    6    3    0  260    6    0   15    1    2    3  169]]

Multi-layered Perceptron classifier for 'sentiment'

              precision    recall  f1-score   support

   ambiguous       0.44      0.34      0.38      3768
    negative       0.54      0.57      0.55      7684
     neutral       0.52      0.51      0.52     11039
    positive       0.67      0.70      0.69     11873

    accuracy                           0.57     34364
   macro avg       0.54      0.53      0.53     34364
weighted avg       0.57      0.57      0.57     34364
[[1270  627 1217  654]
 [ 377 4362 1942 1003]
 [ 894 2059 5678 2408]
 [ 378 1007 2139 8349]]
 
 Top-MNB classifier for 'emotion'

                precision    recall  f1-score   support

    admiration       0.47      0.50      0.49      2170
     amusement       0.49      0.44      0.46      1189
         anger       0.31      0.19      0.24      1001
     annoyance       0.17      0.10      0.13      1693
      approval       0.24      0.13      0.17      2302
        caring       0.28      0.17      0.21       666
     confusion       0.28      0.12      0.16      1018
     curiosity       0.34      0.18      0.24      1149
        desire       0.29      0.09      0.13       421
disappointment       0.26      0.08      0.13       946
   disapproval       0.24      0.14      0.18      1551
       disgust       0.34      0.13      0.19       585
 embarrassment       0.41      0.05      0.08       280
    excitement       0.30      0.11      0.16       599
          fear       0.35      0.11      0.16       372
     gratitude       0.72      0.74      0.73      1452
         grief       0.00      0.00      0.00        66
           joy       0.37      0.20      0.26       909
          love       0.59      0.50      0.54       974
   nervousness       0.30      0.02      0.04       157
       neutral       0.40      0.72      0.51     11039
      optimism       0.38      0.25      0.30       887
         pride       0.31      0.03      0.05       134
   realization       0.20      0.07      0.11       931
        relief       0.40      0.01      0.02       170
       remorse       0.45      0.18      0.26       256
       sadness       0.37      0.18      0.25       777
      surprise       0.33      0.18      0.24       670

      accuracy                           0.40     34364
     macro avg       0.34      0.20      0.23     34364
  weighted avg       0.37      0.40      0.35     34364
  
  
[[1093   20    4   17   65   11    3   13    6    6    7    0    0   16
     1   56    0   29   77    0  694   20    0    9    0    0    1   22]
 [  39  520   10   30   19    6    4    4    3    2   18    2    0    3
     0   13    0   28   13    0  453    7    0    3    0    0    2   10]
 [  14   11  193  110   15    9   10   16    2   10   29   25    1    0
     2    2    0    0    5    0  530    3    0    4    0    1    6    3]
 [  35   34   81  170   50   14   18   10    3   18   58   23    1    6
     4   17    0    2    7    0 1090   12    0   15    0    0   13   12]
 [ 140   37   13   44  298   27   22   23    8   12   53    9    1    9
     5   27    0   14   30    1 1441   33    1   30    2    1   11   10]
 [  18    6    1    9   19  110    3    4    2    1   13    1    0    2
     1   17    0    9    4    0  417   18    0    2    0    2    7    0]
 [  14   16    6   17   34    3  119   68    0    5   23    3    0    3
     1    4    0    1    5    1  668    2    0   13    0    1    5    6]
 [  29   15   11   13   22    4   41  211    0    6    6    2    0    4
     0    8    0    5    4    0  740    2    0    8    0    1    3   14]
 [  10    5    0    2   17   10    1    0   37    1    2    2    0    3
     0    8    0    3    6    0  277   30    0    0    0    1    2    4]
 [  22   12   12   39   32   11    6    4    0   79   36    9    1    3
     1   10    0    3    5    1  597   10    1   11    0    3   34    4]
 [  23   19   23   68   65   12   27   12    3   17  216   10    2    2
     8    3    0    2    7    0  985   11    0   10    0    1   17    8]
 [  13   14   35   57   18    0    4    2    0    8   32   76    3    0
     3    1    0    3    3    0  297    4    1    1    0    1    7    2]
 [   7    3    4   19    4    2    4    2    0    3    5    3   13    1
     1    0    0    0    1    0  185    4    1    6    0    4    6    2]
 [  55   14    8    8   15    4    2   13    4    2    3    3    0   65
     0   14    0   44   10    0  303   10    0    3    0    0    1   18]
 [  11    4    2   10   12    2    2    2    1    4    3    3    0    2
    40    2    0    2    0    1  249    3    0    7    0    1    4    5]
 [  97   13    0    2   10    9    1    0    1    3    3    0    0    2
     0 1078    0   19    5    0  174   20    0    0    0    6    5    4]
 [   3    1    1    1    2    1    0    0    0    1    2    0    0    1
     0    1    0    0    2    0   42    2    0    1    0    1    4    0]
 [  82   85    2    7   25    4    2    3    5    3    3    1    0   16
     1   41    0  182   32    0  392   11    0    3    0    1    3    5]
 [  84    9    1    2   15    4    0    1    3    1    5    0    0    3
     0   13    0   10  487    0  322    6    0    3    0    0    2    3]
 [   3    1    1    6    5    6    2    0    0    3    4    2    0    0
     4    3    0    0    1    3  102    6    0    1    0    0    3    1]
 [ 368  171  173  272  377  104  126  195   29   77  285   39    8   65
    34   90    2   99  101    3 7994  128    4  117    0   14   72   92]
 [  37    5    4    6   35   20    7    6   11    4   13    0    0    2
     2   21    0    6    4    0  479  218    0    4    0    0    2    1]
 [  32    2    4    1    4    1    0    0    1    1    3    0    0    0
     1    2    0    3    1    0   74    0    4    0    0    0    0    0]
 [  25   12    5   24   44    7    8    8    3    7   23    1    1    1
     2    5    0    8    8    0  635    6    0   67    0    4    9   18]
 [  14    2    3    2    6    0    2    1    0    3    1    0    0    0
     0   17    0    7    0    0  103    2    0    2    2    0    2    1]
 [   2    3    1    6    6    6    2    1    2    4    8    1    1    0
     0   15    0    0    1    0  119    3    1    4    0   47   23    0]
 [   9    8    6   17   15    8    2    3    4   23   22    4    0    1
     3   16    0    6    1    0  455    5    0    5    1   14  143    6]
 [  37   11   14   17   14    1   11   22    1    4    8    3    0    8
     0    4    0    3    3    0  372    5    0    8    0    0    1  123]]

Top-MNB classifier for 'sentiment'

              precision    recall  f1-score   support

   ambiguous       0.42      0.24      0.31      3768
    negative       0.54      0.52      0.53      7684
     neutral       0.49      0.50      0.49     11039
    positive       0.63      0.71      0.66     11873

    accuracy                           0.55     34364
   macro avg       0.52      0.49      0.50     34364
weighted avg       0.54      0.55      0.54     34364
[[ 920  610 1369  869]
 [ 280 4033 2145 1226]
 [ 678 1900 5519 2942]
 [ 301  945 2228 8399]]
 
 Top-DT classifier for 'emotion'

                precision    recall  f1-score   support

    admiration       0.58      0.15      0.24      2170
     amusement       0.55      0.34      0.42      1189
         anger       0.00      0.00      0.00      1001
     annoyance       0.00      0.00      0.00      1693
      approval       0.00      0.00      0.00      2302
        caring       0.38      0.01      0.01       666
     confusion       0.00      0.00      0.00      1018
     curiosity       0.00      0.00      0.00      1149
        desire       0.00      0.00      0.00       421
disappointment       0.50      0.00      0.00       946
   disapproval       0.08      0.00      0.00      1551
       disgust       0.00      0.00      0.00       585
 embarrassment       0.00      0.00      0.00       280
    excitement       0.00      0.00      0.00       599
          fear       0.00      0.00      0.00       372
     gratitude       0.89      0.72      0.80      1452
         grief       0.00      0.00      0.00        66
           joy       0.00      0.00      0.00       909
          love       0.58      0.61      0.59       974
   nervousness       0.00      0.00      0.00       157
       neutral       0.35      0.96      0.52     11039
      optimism       0.49      0.23      0.31       887
         pride       0.00      0.00      0.00       134
   realization       0.00      0.00      0.00       931
        relief       0.00      0.00      0.00       170
       remorse       0.35      0.51      0.41       256
       sadness       0.00      0.00      0.00       777
      surprise       0.00      0.00      0.00       670

      accuracy                           0.39     34364
     macro avg       0.17      0.13      0.12     34364
  weighted avg       0.26      0.39      0.26     34364
  
[[  334     9     0     1     0     0     0     0     0     0     0     0
      0     1     0    11     0     0    76     0  1718    18     0     0
      0     2     0     0]
 [    5   405     0     2     0     0     0     0     0     0     0     0
      0     0     0     9     0     1    20     0   738     6     0     0
      0     3     0     0]
 [    6     5     0     0     0     0     0     0     0     0     0     0
      0     0     0     1     0     0     9     0   972     4     0     0
      0     4     0     0]
 [    7    21     1     0     1     1     0     0     1     0     1     0
      0     0     0    11     0     0    15     0  1621     6     0     0
      0     7     0     0]
 [   27    17     0     0     0     0     0     0     0     0     1     0
      0     1     0     4     0     0    31     0  2201    17     0     0
      0     3     0     0]
 [    5     4     0     0     0     5     0     0     0     0     1     0
      0     0     0     2     0     0     8     0   614    12     0     0
      0    15     0     0]
 [    5    11     0     0     0     0     0     0     0     0     0     0
      0     0     0     2     0     0     8     0   987     1     0     0
      0     4     0     0]
 [    6    11     0     0     0     0     1     0     0     0     2     0
      0     0     0     4     0     0     7     0  1112     2     0     0
      0     4     0     0]
 [    4     3     0     0     0     0     0     0     0     0     0     0
      0     0     0     2     0     0    12     0   372    27     0     0
      0     1     0     0]
 [    3    10     0     0     0     1     0     0     0     1     2     0
      0     0     0     6     0     1     7     0   899     5     0     0
      0    11     0     0]
 [    6    18     0     1     0     0     0     0     0     0     1     0
      0     0     0     1     0     0    14     0  1491     5     0     0
      0    14     0     0]
 [    4     7     0     0     0     0     0     0     0     0     0     0
      0     0     0     1     0     0     1     0   568     2     0     0
      0     2     0     0]
 [    2     0     0     0     0     0     0     0     0     0     0     0
      0     0     0     0     0     0     1     0   266     2     0     0
      0     9     0     0]
 [   14     7     0     0     0     0     0     0     0     0     0     0
      0     0     0     2     0     0    12     0   561     3     0     0
      0     0     0     0]
 [    1     3     0     0     0     0     0     0     0     0     0     0
      0     0     0     1     0     0     0     0   362     2     0     0
      0     3     0     0]
 [   25     6     1     1     0     1     0     0     2     0     2     0
      0     0     0  1042     0     0     6     0   339     4     0     0
      1    22     0     0]
 [    1     0     0     0     0     0     0     0     0     0     0     0
      0     0     0     1     0     0     1     0    59     0     0     0
      0     4     0     0]
 [   19    42     0     1     0     0     0     0     0     0     0     0
      0     0     0     6     0     0    46     0   786     7     0     0
      0     2     0     0]
 [    8     6     0     1     0     0     0     0     0     1     3     0
      0     0     0     6     0     0   590     0   355     3     0     0
      0     1     0     0]
 [    1     0     0     0     0     0     0     0     0     0     0     0
      0     0     0     1     0     0     0     0   151     2     0     0
      0     2     0     0]
 [   62   122     0     5     0     2     0     0     0     0     0     0
      0     0     0    32     0     0   127     0 10579    61     0     0
      0    49     0     0]
 [   10     6     0     0     0     1     0     0     0     0     0     0
      0     0     0     4     0     0    15     0   648   201     0     0
      0     2     0     0]
 [    7     2     0     0     0     0     0     0     0     0     0     0
      0     0     0     0     0     0     0     0   125     0     0     0
      0     0     0     0]
 [    5     8     0     0     0     0     0     0     0     0     0     0
      0     0     0     4     0     0     9     0   889     6     0     0
      0    10     0     0]
 [    0     1     0     0     0     0     0     0     0     0     0     0
      0     0     0    13     0     0     1     0   153     2     0     0
      0     0     0     0]
 [    0     1     0     0     0     2     0     0     0     0     0     0
      0     0     0     0     0     0     1     0   120     1     0     0
      0   130     1     0]
 [    2     3     0     0     0     0     0     0     0     0     0     0
      0     0     0     2     0     0     4     0   689     8     0     0
      0    69     0     0]
 [    2     6     0     0     0     0     0     0     0     0     0     0
      0     0     0     1     0     0     3     0   655     2     0     0
      0     1     0     0]]

Top-DT classifier for 'sentiment'

              precision    recall  f1-score   support

   ambiguous       0.56      0.00      0.00      3768
    negative       0.60      0.04      0.07      7684
     neutral       0.36      0.94      0.52     11039
    positive       0.78      0.31      0.44     11873

    accuracy                           0.42     34364
   macro avg       0.57      0.32      0.26     34364
weighted avg       0.58      0.42      0.34     34364
[[    5    28  3596   139]
 [    1   291  7065   327]
 [    1    66 10407   565]
 [    2    99  8088  3684]]
 
 Top-MLP classifier for 'emotion'

                precision    recall  f1-score   support

    admiration       0.45      0.57      0.51      2170
     amusement       0.51      0.60      0.55      1189
         anger       0.27      0.23      0.25      1001
     annoyance       0.18      0.08      0.11      1693
      approval       0.31      0.03      0.05      2302
        caring       0.00      0.00      0.00       666
     confusion       0.29      0.10      0.15      1018
     curiosity       0.34      0.20      0.26      1149
        desire       0.38      0.09      0.14       421
disappointment       0.22      0.06      0.10       946
   disapproval       0.16      0.07      0.10      1551
       disgust       0.29      0.16      0.21       585
 embarrassment       0.65      0.04      0.07       280
    excitement       0.36      0.05      0.09       599
          fear       0.46      0.32      0.37       372
     gratitude       0.79      0.75      0.77      1452
         grief       0.00      0.00      0.00        66
           joy       0.36      0.19      0.25       909
          love       0.51      0.65      0.57       974
   nervousness       0.00      0.00      0.00       157
       neutral       0.43      0.77      0.55     11039
      optimism       0.36      0.33      0.34       887
         pride       0.00      0.00      0.00       134
   realization       0.31      0.01      0.01       931
        relief       0.00      0.00      0.00       170
       remorse       0.30      0.45      0.36       256
       sadness       0.26      0.26      0.26       777
      surprise       0.30      0.31      0.31       670

      accuracy                           0.42     34364
     macro avg       0.30      0.23      0.23     34364
  weighted avg       0.37      0.42      0.35     34364
  
[[1237   18    9    9   16    0    2   20    2    3    4    0    0    3
     3   39    0   28  140    0  536   36    0    0    0    4    4   57]
 [  34  714   28    9    3    0    0    3    1    0    9    3    0    1
     1    6    0   11   39    0  306    4    0    0    0    0    5   12]
 [  13   17  227  114    1    0    5   13    0   18   22   31    0    0
     2    2    0    4    3    0  489    7    0    0    0    3   12   18]
 [  29   42  125  128    3    0   10   25    2   17   49   40    0    2
    10   13    0    7   16    0 1103   13    0    1    0    9   23   26]
 [ 214   37   14   36   63    0   19   19    3    9   42    8    1    1
     6   12    0   20   38    0 1653   44    0    0    0    6   32   25]
 [  52   10    6    6    6    0    3    7    1    0   11    2    0    0
     2   10    0   13   12    0  427   40    0    0    0   18   30   10]
 [  18   27    6   20    7    0  101   75    0    8   27    4    1    2
     5    4    0    3    5    0  668   13    0    2    0    3   10    9]
 [  42   21    9   16    2    0   44  235    0    5   11    1    0    2
     1    7    0    3    7    0  701    7    0    0    0    8    7   20]
 [  19    4    3    2    1    0    1    0   36    6    2    0    0    2
     0    6    0    4   15    0  261   44    0    0    0    3   11    1]
 [  17   16   26   20    0    0    0    7    2   61   48   20    0    0
     8    6    0    6    6    0  588   15    0    2    0   14   68   16]
 [  25   33   37   32   11    0   29   12    1   15  110   18    1    0
     8    3    0    3    9    0 1122   19    0    1    0    9   23   30]
 [   4   13   74   55    2    0    0    3    1    9   27   93    0    0
    11    1    0    2    3    0  256    2    0    0    0    4   19    6]
 [   4    4    7   14    1    0    2    1    0    5   37   28   11    1
     0    0    0    0    1    0  130    2    0    1    0   16   12    3]
 [  84    9   11   10    1    0    3   20    3    1    3    3    0   32
     0   19    0   43   22    0  286    5    0    0    0    0    2   42]
 [   3    8   10    5    2    0    1    3    0    7    6    9    0    0
   118    2    0    1    3    0  138    2    0    0    0    3   36   15]
 [ 124    7    1    3    1    0    2   12    0    1    0    1    0   10
     1 1095    0   29   17    0   79   34    0    0    0   22    8    5]
 [   3    2    0    0    0    0    0    0    1    4    5    2    0    0
     0    3    0    0    1    0   35    1    0    0    0    2    7    0]
 [ 111  112    7    6    3    0    0    4    1    0    5    0    0    9
     5   43    0  175   94    0  299   11    0    0    0    7   10    7]
 [  77   18    2    1    2    0    1    0    1    0    0    0    0    3
     1    7    0   18  636    0  194    4    0    0    0    2    1    6]
 [   3    0    6    2    0    0    4    0    0    8    2    3    0    0
     9    1    0    1    0    0   85    3    0    0    0    8   18    4]
 [ 407  241  172  171   54    1  103  206   23   64  191   40    2   17
    49   55    0   75  140    0 8535  155    0    4    0   51  155  128]
 [  49    6    3    4    8    0    7    5   11    5   12    1    0    1
     1   18    0   12   14    0  422  291    0    0    0    2    9    6]
 [  42    1    0    2    2    0    0    0    0    1    2    0    0    1
     0    4    0    2    1    0   70    3    0    0    0    0    3    0]
 [  35   13    8   17   15    0    7    5    2    6   26    4    0    0
     6    5    0    8    5    0  684   20    0    5    0   12   19   29]
 [  19    2    2    3    0    0    1    1    1    1    0    0    0    1
     1   20    0   11    6    0   88    3    0    0    0    1    7    2]
 [   2    2    1    2    0    0    0    0    1    3    6    2    1    0
     1    0    0    0    1    0   72   14    0    0    0  116   31    1]
 [   9    5   16   11    0    0    0    0    2   25   31    7    0    2
     5    4    0    1    6    0  374   15    0    0    0   56  201    7]
 [  49   14   24   12    1    0    9   17    0    0   10    1    0    0
     4    2    0    6    4    0  291   10    0    0    0    4    3  209]]

Top-MLP classifier for 'sentiment'

              precision    recall  f1-score   support

   ambiguous       0.44      0.31      0.36      3768
    negative       0.53      0.59      0.56      7684
     neutral       0.52      0.52      0.52     11039
    positive       0.68      0.70      0.69     11873

    accuracy                           0.57     34364
   macro avg       0.54      0.53      0.53     34364
weighted avg       0.57      0.57      0.57     34364
[[1150  709 1250  659]
 [ 323 4544 1820  997]
 [ 820 2219 5700 2300]
 [ 318 1084 2208 8263]]
 
 ---Part 3---
 
 Base-MLP emotion classifier

                precision    recall  f1-score   support

    admiration       0.44      0.49      0.46      1922
     amusement       0.43      0.47      0.45      1114
         anger       0.16      0.38      0.23       452
     annoyance       0.04      0.22      0.06       268
      approval       0.04      0.41      0.07       232
        caring       0.10      0.28      0.14       237
     confusion       0.03      0.30      0.05       101
     curiosity       0.09      0.42      0.15       251
        desire       0.15      0.43      0.22       150
disappointment       0.03      0.26      0.05        94
   disapproval       0.04      0.27      0.07       222
       disgust       0.13      0.33      0.19       240
 embarrassment       0.02      0.33      0.04        15
    excitement       0.07      0.42      0.11        98
          fear       0.19      0.48      0.27       146
     gratitude       0.76      0.72      0.74      1475
         grief       0.04      0.67      0.07         3
           joy       0.19      0.34      0.25       480
          love       0.56      0.56      0.56      1049
   nervousness       0.05      0.64      0.09        11
       neutral       0.87      0.39      0.54     24608
      optimism       0.15      0.47      0.23       284
         pride       0.00      0.00      0.00         2
   realization       0.00      0.17      0.00        12
        relief       0.00      0.00      0.00         1
       remorse       0.32      0.40      0.36       233
       sadness       0.22      0.35      0.27       488
      surprise       0.08      0.32      0.13       176

      accuracy                           0.41     34364
     macro avg       0.19      0.38      0.21     34364
  weighted avg       0.73      0.41      0.50     34364


Base-MLP sentiment classifier

              precision    recall  f1-score   support

   ambiguous       0.17      0.47      0.25      1379
    negative       0.50      0.51      0.51      7434
     neutral       0.61      0.46      0.53     14387
    positive       0.62      0.66      0.64     11164

    accuracy                           0.54     34364
   macro avg       0.47      0.53      0.48     34364
weighted avg       0.57      0.54      0.55     34364


Top-MLP emotion classifier

                precision    recall  f1-score   support

    admiration       0.45      0.49      0.47      1983
     amusement       0.50      0.45      0.47      1339
         anger       0.23      0.38      0.29       646
     annoyance       0.03      0.23      0.06       244
      approval       0.05      0.36      0.09       336
        caring       0.09      0.28      0.13       216
     confusion       0.03      0.37      0.05        70
     curiosity       0.08      0.41      0.13       214
        desire       0.16      0.48      0.24       139
disappointment       0.03      0.33      0.05        78
   disapproval       0.04      0.28      0.08       248
       disgust       0.11      0.38      0.17       170
 embarrassment       0.06      0.29      0.10        52
    excitement       0.08      0.35      0.13       141
          fear       0.23      0.50      0.32       171
     gratitude       0.76      0.75      0.76      1408
         grief       0.10      0.25      0.14        20
           joy       0.22      0.38      0.28       479
          love       0.62      0.57      0.59      1135
   nervousness       0.05      0.62      0.10        13
       neutral       0.86      0.40      0.54     23980
      optimism       0.21      0.47      0.29       388
         pride       0.01      0.25      0.03         8
   realization       0.00      0.24      0.01        17
        relief       0.00      0.00      0.00         1
       remorse       0.41      0.39      0.40       302
       sadness       0.19      0.37      0.25       409
      surprise       0.08      0.33      0.13       157

      accuracy                           0.42     34364
     macro avg       0.20      0.38      0.22     34364
  weighted avg       0.72      0.42      0.50     34364


Top-MLP sentiment classifier

              precision    recall  f1-score   support

   ambiguous       0.28      0.42      0.34      2484
    negative       0.53      0.52      0.53      7870
     neutral       0.52      0.49      0.50     11765
    positive       0.67      0.65      0.66     12245

    accuracy                           0.55     34364
   macro avg       0.50      0.52      0.51     34364
weighted avg       0.56      0.55      0.55     34364


MLP emotion classifier: glove-twitter-200 embedding model

                precision    recall  f1-score   support

    admiration       0.36      0.51      0.42      1484
     amusement       0.25      0.48      0.33       634
         anger       0.09      0.37      0.15       261
     annoyance       0.02      0.26      0.04       151
      approval       0.02      0.47      0.04       104
        caring       0.05      0.28      0.09       130
     confusion       0.02      0.37      0.04        59
     curiosity       0.25      0.35      0.29       875
        desire       0.14      0.43      0.21       149
disappointment       0.01      0.29      0.02        35
   disapproval       0.02      0.31      0.03        85
       disgust       0.12      0.34      0.18       199
 embarrassment       0.01      0.30      0.02        10
    excitement       0.05      0.39      0.09        76
          fear       0.17      0.37      0.24       156
     gratitude       0.48      0.54      0.51      1281
         grief       0.02      0.12      0.03         8
           joy       0.16      0.34      0.22       416
          love       0.41      0.57      0.47       702
   nervousness       0.04      0.70      0.08        10
       neutral       0.89      0.36      0.52     26886
      optimism       0.10      0.45      0.17       229
         pride       0.00      0.00      0.00         1
   realization       0.00      0.00      0.00         4
        relief       0.00      0.00      0.00         0
       remorse       0.14      0.42      0.21        93
       sadness       0.13      0.35      0.19       269
      surprise       0.03      0.32      0.05        57

      accuracy                           0.38     34364
     macro avg       0.14      0.35      0.17     34364
  weighted avg       0.76      0.38      0.48     34364


MLP sentiment classifier: glove-twitter-200 embedding model

              precision    recall  f1-score   support

   ambiguous       0.26      0.49      0.34      2044
    negative       0.53      0.46      0.49      8677
     neutral       0.44      0.46      0.45     10427
    positive       0.66      0.59      0.62     13216

    accuracy                           0.51     34364
   macro avg       0.47      0.50      0.48     34364
weighted avg       0.53      0.51      0.52     34364


MLP emotion classifier: glove-wiki-gigaword-300 embedding model

                precision    recall  f1-score   support

    admiration       0.45      0.38      0.41      2386
     amusement       0.30      0.54      0.39       705
         anger       0.11      0.30      0.16       361
     annoyance       0.01      0.35      0.03        68
      approval       0.03      0.44      0.06       181
        caring       0.04      0.41      0.08        74
     confusion       0.04      0.25      0.07       153
     curiosity       0.13      0.40      0.20       399
        desire       0.09      0.57      0.16        70
disappointment       0.01      0.21      0.03        62
   disapproval       0.02      0.26      0.04       137
       disgust       0.11      0.41      0.17       150
 embarrassment       0.02      0.56      0.03         9
    excitement       0.06      0.34      0.10        98
          fear       0.19      0.49      0.28       143
     gratitude       0.50      0.50      0.50      1421
         grief       0.02      0.17      0.03         6
           joy       0.07      0.40      0.12       156
          love       0.52      0.54      0.53       959
   nervousness       0.00      0.00      0.00         9
       neutral       0.88      0.37      0.52     26115
      optimism       0.11      0.41      0.17       232
         pride       0.01      0.50      0.02         2
   realization       0.00      0.00      0.00         0
        relief       0.00      0.00      0.00         0
       remorse       0.17      0.40      0.23       122
       sadness       0.15      0.41      0.22       287
      surprise       0.02      0.25      0.04        59

      accuracy                           0.38     34364
     macro avg       0.14      0.35      0.16     34364
  weighted avg       0.75      0.38      0.48     34364


MLP sentiment classifier: glove-wiki-gigaword-300 embedding model

              precision    recall  f1-score   support

   ambiguous       0.30      0.41      0.34      2809
    negative       0.39      0.51      0.44      5891
     neutral       0.41      0.46      0.44      9833
    positive       0.73      0.54      0.62     15831

    accuracy                           0.50     34364
   macro avg       0.46      0.48      0.46     34364
weighted avg       0.54      0.50      0.51     34364


